Layer 0 gammas before pruning: [     2.7949      8.2969      3.0859      2.7246      2.0605       2.166      1.8213      2.6309      2.5859       1.623      6.6797      2.5156      2.6855      2.7852      1.5586      1.4355]
Layer 1 gammas before pruning: [     5.8984      5.1367      3.9453      6.2539      5.6445      5.8672      4.0039      6.9297      6.1094      3.9922      3.8301         5.5      4.3164      5.6562      5.7578        4.75      4.3398      6.0469      2.9961      6.0156      5.2461      5.7812      5.6328      6.0312      5.4609      3.2188
       3.791      5.7891      6.1797      3.7969      2.4668      4.1172]
k=4, mAP_0.5:0.95=0.5281958001084207, mAP_0.5=0.7337346143880508, precision=0.7488426268940376, recall=0.6723884277232199
Layer 0 gammas before pruning: [     2.7949      8.2969      3.0859      2.7246      2.0605       2.166      1.8213      2.6309      2.5859       1.623      6.6797      2.5156      2.6855      2.7852      1.5586      1.4355]
Layer 1 gammas before pruning: [     5.8984      5.1367      3.9453      6.2539      5.6445      5.8672      4.0039      6.9297      6.1094      3.9922      3.8301         5.5      4.3164      5.6562      5.7578        4.75      4.3398      6.0469      2.9961      6.0156      5.2461      5.7812      5.6328      6.0312      5.4609      3.2188
       3.791      5.7891      6.1797      3.7969      2.4668      4.1172]
k=6, mAP_0.5:0.95=0.5196823969865516, mAP_0.5=0.7296120892071186, precision=0.759901549688215, recall=0.6583643284969833
Layer 0 gammas before pruning: [     2.7949      8.2969      3.0859      2.7246      2.0605       2.166      1.8213      2.6309      2.5859       1.623      6.6797      2.5156      2.6855      2.7852      1.5586      1.4355]
Layer 1 gammas before pruning: [     5.8984      5.1367      3.9453      6.2539      5.6445      5.8672      4.0039      6.9297      6.1094      3.9922      3.8301         5.5      4.3164      5.6562      5.7578        4.75      4.3398      6.0469      2.9961      6.0156      5.2461      5.7812      5.6328      6.0312      5.4609      3.2188
       3.791      5.7891      6.1797      3.7969      2.4668      4.1172]
k=8, mAP_0.5:0.95=0.511714122767267, mAP_0.5=0.7229486703399368, precision=0.7426887124427178, recall=0.6609659610190595
Layer 0 gammas before pruning: [     2.7949      8.2969      3.0859      2.7246      2.0605       2.166      1.8213      2.6309      2.5859       1.623      6.6797      2.5156      2.6855      2.7852      1.5586      1.4355]
Layer 1 gammas before pruning: [     5.8984      5.1367      3.9453      6.2539      5.6445      5.8672      4.0039      6.9297      6.1094      3.9922      3.8301         5.5      4.3164      5.6562      5.7578        4.75      4.3398      6.0469      2.9961      6.0156      5.2461      5.7812      5.6328      6.0312      5.4609      3.2188
       3.791      5.7891      6.1797      3.7969      2.4668      4.1172]
k=10, mAP_0.5:0.95=0.4918116745695679, mAP_0.5=0.7006436415380912, precision=0.7381757406272004, recall=0.6295529351765619
Layer 0 gammas before pruning: [     2.7949      8.2969      3.0859      2.7246      2.0605       2.166      1.8213      2.6309      2.5859       1.623      6.6797      2.5156      2.6855      2.7852      1.5586      1.4355]
Layer 1 gammas before pruning: [     5.8984      5.1367      3.9453      6.2539      5.6445      5.8672      4.0039      6.9297      6.1094      3.9922      3.8301         5.5      4.3164      5.6562      5.7578        4.75      4.3398      6.0469      2.9961      6.0156      5.2461      5.7812      5.6328      6.0312      5.4609      3.2188
       3.791      5.7891      6.1797      3.7969      2.4668      4.1172]
k=12, mAP_0.5:0.95=0.45231772559038347, mAP_0.5=0.6578518633232149, precision=0.6878744510772747, recall=0.600621564584283
Layer 0 gammas before pruning: [     2.7949      8.2969      3.0859      2.7246      2.0605       2.166      1.8213      2.6309      2.5859       1.623      6.6797      2.5156      2.6855      2.7852      1.5586      1.4355]
Layer 1 gammas before pruning: [     5.8984      5.1367      3.9453      6.2539      5.6445      5.8672      4.0039      6.9297      6.1094      3.9922      3.8301         5.5      4.3164      5.6562      5.7578        4.75      4.3398      6.0469      2.9961      6.0156      5.2461      5.7812      5.6328      6.0312      5.4609      3.2188
       3.791      5.7891      6.1797      3.7969      2.4668      4.1172]
k=14, mAP_0.5:0.95=0.4431760035818976, mAP_0.5=0.6475794194866464, precision=0.7053533475445289, recall=0.5814506820011529
Layer 1 gammas before pruning: [     5.8984      5.1367      3.9453      6.2539      5.6445      5.8672      4.0039      6.9297      6.1094      3.9922      3.8301         5.5      4.3164      5.6562      5.7578        4.75      4.3398      6.0469      2.9961      6.0156      5.2461      5.7812      5.6328      6.0312      5.4609      3.2188
       3.791      5.7891      6.1797      3.7969      2.4668      4.1172]
k=16, mAP_0.5:0.95=0.5056227003958541, mAP_0.5=0.7145369476439767, precision=0.7435313242085838, recall=0.6470145349809501
Layer 1 gammas before pruning: [     5.8984      5.1367      3.9453      6.2539      5.6445      5.8672      4.0039      6.9297      6.1094      3.9922      3.8301         5.5      4.3164      5.6562      5.7578        4.75      4.3398      6.0469      2.9961      6.0156      5.2461      5.7812      5.6328      6.0312      5.4609      3.2188
       3.791      5.7891      6.1797      3.7969      2.4668      4.1172]
k=18, mAP_0.5:0.95=0.5064690493190277, mAP_0.5=0.7170886373000487, precision=0.7569475036556748, recall=0.6369028936515424
Layer 0 gammas before pruning: [     2.7949      8.2969      3.0859      2.7246      2.0605       2.166      1.8213      2.6309      2.5859       1.623      6.6797      2.5156      2.6855      2.7852      1.5586      1.4355]
Layer 0 gammas before pruning: [     2.7949      8.2969      3.0859      2.7246      2.0605       2.166      1.8213      2.6309      2.5859       1.623      6.6797      2.5156      2.6855      2.7852      1.5586      1.4355]
k=4, mAP_0.5:0.95=0.5436205406284591, mAP_0.5=0.7478853407475304, precision=0.7622538859587249, recall=0.674582828422843
k=6, mAP_0.5:0.95=0.5445990367439671, mAP_0.5=0.7487395780876676, precision=0.7580207565239021, recall=0.6794557144386795
k=40, mAP_0.5:0.95=0.5203233662363693, mAP_0.5=0.7283168007428468, precision=0.7587665315678492, recall=0.6509182698774287
k=44, mAP_0.5:0.95=0.5251387387947275, mAP_0.5=0.733408037135409, precision=0.7484584926357825, recall=0.6628966090641881
k=48, mAP_0.5:0.95=0.519782669002837, mAP_0.5=0.7286894804445934, precision=0.7549356644178996, recall=0.6545089500956963
k=52, mAP_0.5:0.95=0.5230361545482485, mAP_0.5=0.7302858283478358, precision=0.7632419235463358, recall=0.6497070347244824
k=56, mAP_0.5:0.95=0.5187529200436883, mAP_0.5=0.7279581486891973, precision=0.7484225948235805, recall=0.6548659746403087
Layer 0 gammas before pruning: [     2.7949      8.2969      3.0859      2.7246      2.0605       2.166      1.8213      2.6309      2.5859       1.623      6.6797      2.5156      2.6855      2.7852      1.5586      1.4355]
Layer 1 gammas before pruning: [     5.8984      5.1367      3.9453      6.2539      5.6445      5.8672      4.0039      6.9297      6.1094      3.9922      3.8301         5.5      4.3164      5.6562      5.7578        4.75      4.3398      6.0469      2.9961      6.0156      5.2461      5.7812      5.6328      6.0312      5.4609      3.2188
       3.791      5.7891      6.1797      3.7969      2.4668      4.1172]
k=4, mAP_0.5:0.95=0.5281958001084207, mAP_0.5=0.7337346143880508, precision=0.7488426268940376, recall=0.6723884277232199
Layer 0 gammas before pruning: [     2.7949      8.2969      3.0859      2.7246      2.0605       2.166      1.8213      2.6309      2.5859       1.623      6.6797      2.5156      2.6855      2.7852      1.5586      1.4355]
Layer 1 gammas before pruning: [     5.8984      5.1367      3.9453      6.2539      5.6445      5.8672      4.0039      6.9297      6.1094      3.9922      3.8301         5.5      4.3164      5.6562      5.7578        4.75      4.3398      6.0469      2.9961      6.0156      5.2461      5.7812      5.6328      6.0312      5.4609      3.2188
       3.791      5.7891      6.1797      3.7969      2.4668      4.1172]
k=6, mAP_0.5:0.95=0.5196823969865516, mAP_0.5=0.7296120892071186, precision=0.759901549688215, recall=0.6583643284969833
Layer 0 gammas before pruning: [     2.7949      8.2969      3.0859      2.7246      2.0605       2.166      1.8213      2.6309      2.5859       1.623      6.6797      2.5156      2.6855      2.7852      1.5586      1.4355]
Layer 1 gammas before pruning: [     5.8984      5.1367      3.9453      6.2539      5.6445      5.8672      4.0039      6.9297      6.1094      3.9922      3.8301         5.5      4.3164      5.6562      5.7578        4.75      4.3398      6.0469      2.9961      6.0156      5.2461      5.7812      5.6328      6.0312      5.4609      3.2188
       3.791      5.7891      6.1797      3.7969      2.4668      4.1172]
k=8, mAP_0.5:0.95=0.511714122767267, mAP_0.5=0.7229486703399368, precision=0.7426887124427178, recall=0.6609659610190595
Layer 0 gammas before pruning: [     2.7949      8.2969      3.0859      2.7246      2.0605       2.166      1.8213      2.6309      2.5859       1.623      6.6797      2.5156      2.6855      2.7852      1.5586      1.4355]
Layer 0 gammas before pruning: [     2.7949      8.2969      3.0859      2.7246      2.0605       2.166      1.8213      2.6309      2.5859       1.623      6.6797      2.5156      2.6855      2.7852      1.5586      1.4355]
Layer 1 gammas before pruning: [     5.8984      5.1367      3.9453      6.2539      5.6445      5.8672      4.0039      6.9297      6.1094      3.9922      3.8301         5.5      4.3164      5.6562      5.7578        4.75      4.3398      6.0469      2.9961      6.0156      5.2461      5.7812      5.6328      6.0312      5.4609      3.2188
       3.791      5.7891      6.1797      3.7969      2.4668      4.1172]
k=4, mAP_0.5:0.95=0.5257132680391847, mAP_0.5=0.7321865080564093, precision=0.7437272791094823, recall=0.6635816748120262
Layer 1 gammas before pruning: [     5.8984      5.1367      3.9453      6.2539      5.6445      5.8672      4.0039      6.9297      6.1094      3.9922      3.8301         5.5      4.3164      5.6562      5.7578        4.75      4.3398      6.0469      2.9961      6.0156      5.2461      5.7812      5.6328      6.0312      5.4609      3.2188
       3.791      5.7891      6.1797      3.7969      2.4668      4.1172]
k=8, mAP_0.5:0.95=0.5087575510278333, mAP_0.5=0.7157287963728173, precision=0.7401453319277348, recall=0.6475532376830202
Layer 1 gammas before pruning: [     5.8984      5.1367      3.9453      6.2539      5.6445      5.8672      4.0039      6.9297      6.1094      3.9922      3.8301         5.5      4.3164      5.6562      5.7578        4.75      4.3398      6.0469      2.9961      6.0156      5.2461      5.7812      5.6328      6.0312      5.4609      3.2188
       3.791      5.7891      6.1797      3.7969      2.4668      4.1172]
k=12, mAP_0.5:0.95=0.5043915728226644, mAP_0.5=0.7148799786059878, precision=0.7537543854397382, recall=0.6354613532443749
Layer 1 gammas before pruning: [     5.8984      5.1367      3.9453      6.2539      5.6445      5.8672      4.0039      6.9297      6.1094      3.9922      3.8301         5.5      4.3164      5.6562      5.7578        4.75      4.3398      6.0469      2.9961      6.0156      5.2461      5.7812      5.6328      6.0312      5.4609      3.2188
       3.791      5.7891      6.1797      3.7969      2.4668      4.1172]
k=16, mAP_0.5:0.95=0.5056227003958541, mAP_0.5=0.7145369476439767, precision=0.7435313242085838, recall=0.6470145349809501
k=32, mAP_0.5:0.95=0.5712283624034921, mAP_0.5=0.7681534333787561, precision=0.7864234489295657, recall=0.6919037998344394
k=64, mAP_0.5:0.95=0.5693894645318561, mAP_0.5=0.7661913126525921, precision=0.7940901750792635, recall=0.6891036309039524
k=128, mAP_0.5:0.95=0.6081093186977258, mAP_0.5=0.7946298433111203, precision=0.8073527255056321, recall=0.7273376264806967
