Layer 1 BN gamma shape: (32,)
Layer 1 BN gamma values: [5.8984375, 5.13671875, 3.9453125, 6.25390625, 5.64453125, 5.8671875, 4.00390625, 6.9296875, 6.109375, 3.9921875, 3.830078125, 5.5, 4.31640625, 5.65625, 5.7578125, 4.75, 4.33984375, 6.046875, 2.99609375, 6.015625, 5.24609375, 5.78125, 5.6328125, 6.03125, 5.4609375, 3.21875, 3.791015625, 5.7890625, 6.1796875, 3.796875, 2.466796875, 4.1171875]
Layer 1 BN gamma shape: (32,)
Layer 1 BN gamma values: [5.8984375, 5.13671875, 3.9453125, 6.25390625, 5.64453125, 5.8671875, 4.00390625, 6.9296875, 6.109375, 3.9921875, 3.830078125, 5.5, 4.31640625, 5.65625, 5.7578125, 4.75, 4.33984375, 6.046875, 2.99609375, 6.015625, 5.24609375, 5.78125, 5.6328125, 6.03125, 5.4609375, 3.21875, 3.791015625, 5.7890625, 6.1796875, 3.796875, 2.466796875, 4.1171875]
Layer 1 BN gamma shape: (32,)
Layer 1 BN gamma values: [5.8984375, 5.13671875, 3.9453125, 6.25390625, 5.64453125, 5.8671875, 4.00390625, 6.9296875, 6.109375, 3.9921875, 3.830078125, 5.5, 4.31640625, 5.65625, 5.7578125, 4.75, 4.33984375, 6.046875, 2.99609375, 6.015625, 5.24609375, 5.78125, 5.6328125, 6.03125, 5.4609375, 3.21875, 3.791015625, 5.7890625, 6.1796875, 3.796875, 2.466796875, 4.1171875]
Layer 1 BN gamma shape: (32,)
Layer 1 BN gamma values: [5.8984375, 5.13671875, 3.9453125, 6.25390625, 5.64453125, 5.8671875, 4.00390625, 6.9296875, 6.109375, 3.9921875, 3.830078125, 5.5, 4.31640625, 5.65625, 5.7578125, 4.75, 4.33984375, 6.046875, 2.99609375, 6.015625, 5.24609375, 5.78125, 5.6328125, 6.03125, 5.4609375, 3.21875, 3.791015625, 5.7890625, 6.1796875, 3.796875, 2.466796875, 4.1171875]
Layer 1 BN gamma shape: (32,)
Layer 1 BN gamma values: [5.8984375, 5.13671875, 3.9453125, 6.25390625, 5.64453125, 5.8671875, 4.00390625, 6.9296875, 6.109375, 3.9921875, 3.830078125, 5.5, 4.31640625, 5.65625, 5.7578125, 4.75, 4.33984375, 6.046875, 2.99609375, 6.015625, 5.24609375, 5.78125, 5.6328125, 6.03125, 5.4609375, 3.21875, 3.791015625, 5.7890625, 6.1796875, 3.796875, 2.466796875, 4.1171875]
